state={
	id=1
	name="STATE_1"
	provinces={
		70 88 128 149 211 230 249 251 253 290 292 318 321 380 405 468 480 514 525 548 578 622 629 661 721 778 795 800 875 937 948 983 1034 1040 1074 1081 1109 1120 1128 1172 1250 1281 1319 1337 1410 1454 1462 1471 1506 1548 1558 1761 1790 1797 1872 1921 1930 1938 1946 2063 2110 2142 2203 2244 2287 2319 2333 2416 2499 2509 2534 2631 2659 2688 2910 2922 3064 3068 3115 3174 3245 3434 3516 3814 3823 4155 4841 4887 5005 5101 5432 5494 5864 5996 6356 6593 8679 9553 9666 9802 9865 9885 9961 9966 10307 10387 
	}
	buildings_max_level_factor=1.000
        manpower=1
        state_category = rural
}
