state={
	id=105
	name="STATE_105"
	provinces={
		603 1187 1439 2000 2001 2151 2508 3155 3262 3401 3526 3544 3675 3745 3754 3950 4038 4162 4195 4338 4412 4486 4536 4560 4600 4672 4807 4820 4891 4990 5165 5245 5446 5622 6007 6114 6160 6189 6425 6437 6462 6478 6684 6937 6955 6957 6958 6960 6964 6967 6971 6973 6974 6980 6981 6991 6993 6997 6998 7003 7008 7013 7015 7020 7026 7030 7034 7035 7041 7044 7048 7053 7054 7058 7061 7070 7071 7072 7075 7080 7093 7097 7098 7102 7106 7117 7119 7130 7140 7152 7164 7208 
	}
	buildings_max_level_factor=1.000
        manpower=1
        state_category = rural
}
