state={
	id=118
	name="STATE_118"
	provinces={
		239 433 961 1205 1409 1569 1819 2017 2147 2347 2371 2721 2807 2839 2855 2872 2974 2981 3017 3040 3072 3145 3210 3240 3508 3582 3779 3968 4041 4113 4166 4181 4274 4295 4330 4659 4719 4904 4914 4944 4946 4954 5034 5394 5419 5421 5427 5498 5519 5570 5612 5923 5939 5980 6104 6223 6322 6358 6371 6448 6574 6598 6622 6638 7021 7031 7045 7049 7057 7066 7067 7069 7077 7081 7082 7084 7089 7092 7103 7109 7124 7129 7135 7141 7144 7157 7158 7162 7166 7170 7172 7183 7184 7185 7194 7195 7217 7218 7219 7230 7244 7245 7249 7253 7254 7256 7259 7264 7270 7278 7282 7283 7285 7286 7292 7293 7298 7300 7307 7308 7310 7311 7316 7331 7338 7339 7341 7342 7348 7352 7358 7371 7372 7377 7381 7386 7387 7410 7411 7415 7441 7461 
	}
	buildings_max_level_factor=1.000
        manpower=1
        state_category = rural
}
