state={
	id=137
	name="STATE_137"
	provinces={
		232 562 743 1126 1556 1601 1793 1900 1931 2079 2383 2679 2711 2717 2758 2918 3160 3221 3230 3267 3282 3305 3456 3457 3505 3559 3594 3649 3708 3725 3905 3994 4027 4034 4176 4253 4608 4619 4687 4862 4873 5145 5153 5252 5285 5342 5442 5524 5647 5695 5784 5884 5930 6013 6039 6085 6108 6328 6538 6640 7115 7128 7134 7149 7160 7161 7189 7193 7197 7198 7207 7214 7226 7229 7243 7252 7257 7258 7263 7267 7277 7280 7281 7291 7299 7303 7304 7309 7313 7314 7315 7320 7324 7325 7330 7337 7340 7347 7365 7368 7369 7370 7376 7380 7384 7385 7390 7401 7414 7420 7427 7437 7452 7457 7470 7487 7492 7493 7512 7529 7554 
	}
	buildings_max_level_factor=1.000
        manpower=1
        state_category = rural
}
