state={
	id=14
	name="STATE_14"
	provinces={
		2 19 99 104 110 127 136 168 177 182 189 203 225 234 235 241 279 331 334 348 352 373 403 407 409 422 427 475 484 507 557 565 580 601 606 612 632 638 657 694 706 713 737 754 759 763 779 782 803 808 814 825 848 863 901 903 926 943 949 976 988 994 1013 1076 1104 1227 1236 1279 1350 1397 1427 1437 1502 1534 1552 1646 1651 1655 1672 1753 1774 1828 1836 1901 1912 1956 1977 1981 2009 2023 2027 2056 2086 2095 2103 2150 2177 2192 2204 2222 2236 2295 2296 2376 2435 2439 2455 2465 2577 2593 2617 2641 2644 2708 2739 2837 2899 2931 2942 2992 3015 3028 3066 3184 3191 3206 3260 3316 3348 3396 3532 3621 3660 3692 3743 3771 3775 3961 4035 4175 4183 4241 4255 4311 4980 5066 5076 5090 5258 5534 5820 5830 5834 5857 5919 6585 6656 6755 6756 6758 6763 6765 6767 6773 6783 6788 6798 6801 6827 6864 6919 6947 6950 7007 7051 7155 7241 
	}
	buildings_max_level_factor=1.000
        manpower=1
        state_category = rural
}
