state={
	id=15
	name="STATE_15"
	provinces={
		 6 289 369 726 747 829 899 912 1009 1177 1321 1343 1382 1446 1470 1521 1562 1663 1717 1735 1762 1764 1886 1922 2053 2190 2210 2294 2500 2527 2587 2885 3053 3056 3100 3105 3131 3190 3228 3344 3450 3785 3812 3908 3935 4005 4044 4348 4464 4795 4908 4962 4977 5023 5025 5157 5248 5283 5286 5385 5409 5476 5607 5671 5691 5875 5932 6259 6265 6418 6482 6599 6739 7209 7236 7544 7577 7591 7608 7617 7621 7624 7642 7660 7661 7692 7697 7724 7729 7755 7760 7773 7791 7794 7843 7852 7876 7947 8021 8047 8120 8127 8161 8184 8198 8294 8321 8334 8352 8363 8374 8393 8407 8436 8455 8485 8503 8588 8650 8682 8691 8697 8711 8722 8742 8786 8800 111 197 417 447 572 1098 2008 2759 3291 3571 3969 4002 4142 4226 4448 5711 6272 6637 8882 8952 8994 9023 9067 9402 3 213 872 1447 1539 1608 1892 1919 2247 2394 2507 2928 3753 4657 9447 11849 62 87 272 724 796 819 846 936 1254 1263 1757 1854 2134 2728 3106 3113 3978 4732 5038 5489 5787 6155 6995 7095 7110 7146 7173 7199 434 6999 328 1691 2003 3084 8522 8862 1021 4069 51 341 461 777 836 1570 1988 2279 2462 2733 3143 3325 3529 4012 9080 9828 54 83 212 270 285 307 315 318 359 412 467 480 506 610 635 649 673 734 792 795 851 891 931 958 989 1017 1077 1085 1106 1181 1208 1237 1268 1281 1318 1378 1451 1468 1624 1664 1678 1706 1754 1811 1841 1852 1882 1944 2088 2098 2235 2287 2323 2363 2368 2605 2637 2664 2710 3081 3115 3205 3213 3560 3697 3734 4155 4531 4685 4814 6091 6393 6775 6861 7122 7147 7926 8195 8698 9530 9635 9802 210 333 342 438 441 576 593 739 987 1045 1680 1775 1994 2137 2306 2584 4029 4776 5702 9577 9749 10019 39 280 351 474 502 552 566 725 860 925 1022 1309 1375 1511 1514 2022 2234 2300 2478 2494 2510 2599 3114 3329 3384 3481 4482 4931 5299 7792 7930 94 101 141 192 276 282 306 364 372 386 402 449 512 536 573 630 681 700 744 758 770 791 824 929 934 973 990 1056 1099 1119 1140 1144 1271 1295 1524 1565 1724 1730 1766 1866 1932 1972 2002 2015 2039 2080 2278 2326 2578 2699 2750 2770 2792 3065 3387 3545 3655 3711 3760 3848 3900 4305 4539 5346 5838 5974 6209 6787 6795 6870 6873 6881 6968 6989 7006 7121 7205 7284 7430 469 537 549 596 727 745 790 812 847 921 970 972 1037 1165 1282 1288 1395 1647 1773 2041 2054 2282 2343 3112 3419 4124 4343 4417 4842 4886 5375 5422 5450 7774 8486 8855 9084 9168 9362 132 205 233 602 879 1352 1403 1617 1849 2602 5993 6206 7046 7111 7210 43 67 114 154 410 505 695 950 1188 1307 1332 1365 1582 1618 2132 2193 2239 2743 2858 3830 4234 4681 5206 6553 7483 7525 7714 8216 492 11823 11824 11828 
	}
	buildings_max_level_factor=1.000
        manpower=1
        state_category = rural
}
