state={
	id=150
	name="STATE_150"
	provinces={
		462 575 1055 1302 1693 2031 2042 2231 2629 3301 3338 3420 3438 3782 3889 4016 4024 4603 4804 4851 4924 5040 5114 5179 5251 5393 5443 5496 5546 5613 5900 5927 5978 6148 6307 6369 6626 6688 6713 7238 7250 7271 7272 7287 7294 7332 7349 7350 7359 7361 7373 7388 7395 7397 7412 7416 7421 7425 7432 7433 7438 7442 7447 7482 7489 7507 7514 7519 7520 7523 7524 7534 7540 7542 7552 7563 7564 7574 7576 7583 7596 
	}
	buildings_max_level_factor=1.000
        manpower=1
        state_category = rural
}
