state={
	id=151
	name="STATE_151"
	provinces={
		44 89 420 784 805 968 1043 1158 1325 1594 1605 1782 1891 2174 2487 2549 2908 3476 4336 4508 5059 5979 8371 8770 11906 518 520 613 644 707 917 941 977 1368 1456 1472 1614 1669 1720 1810 1825 1923 2064 2120 2277 2442 2645 2821 3097 3553 3949 4196 4525 5638 6512 8767 9053 11907 11904 11903 11905 25 92 134 283 387 654 922 1207 1277 1573 1699 1704 1778 2217 2224 2329 2344 2346 2653 3057 3619 5404 8408 8493 305 349 398 715 785 806 1240 1381 1596 2201 3332 4127 4773 4816 6337 7467 7643 8048 118 165 208 209 329 816 845 928 1086 1173 1513 2030 2827 3181 3731 4156 7775 93 115 169 221 223 621 667 856 1075 1092 1197 1200 1223 1346 1526 1530 1581 1630 1830 2735 2753 2869 3304 3652 4281 5236 5559 6679 959 281 589 615 633 786 839 1469 1507 1679 2570 2889 3751 3895 5027 5677 6582 6820 6931 250 264 384 416 503 693 748 762 887 1211 1639 1772 1880 2284 2299 2613 2691 2985 5325 6341 6800 6936 47 142 238 245 261 620 1134 1183 1487 1859 2763 3059 6450 6530 6753 6762 327 555 647 986 1062 1781 2068 2537 2811 27 179 591 802 1232 1476 2412 4364 4885 1046 4303 11908 11909 11910 11911 11912 
	}
	manpower=1
	buildings_max_level_factor=1
	state_category=rural
	local_supplies=0
}
