state={
	id=192
	name="STATE_192"
	provinces={
		29 457 487 641 838 888 1338 2028 2096 2303 2822 3162 3546 3557 3604 4057 4316 4668 5019 5083 5108 5220 5481 5641 5657 5892 5894 6121 6126 6577 8771 8805 8812 8856 8863 8905 8907 8988 9068 9112 9179 9212 9242 9303 9384 9419 9449 9454 9455 9547 751 4129 1217 470 1392 1799 1964 2669 2813 3448 5337 5377 5578 8255 17 42 532 605 910 915 1316 1488 1545 1927 2600 2790 2845 2980 3137 3217 3256 3410 3417 3549 3568 4346 4950 4955 4964 5580 5610 5658 5987 6750 8199 8217 8295 8328 8389 8390 8423 8506 8578 8591 8610 8645 8688 56 191 424 478 1066 1491 1893 1976 2197 2301 2420 2860 3021 3470 3869 4391 4677 4840 4861 5122 5263 5302 6131 7464 7498 7557 7578 7613 7656 7765 7799 7820 7877 11899 11894 11893 11892 11891 11890 11889 11886 11885 
	}
	buildings_max_level_factor=1.000
        manpower=1
        state_category = rural
}
