state={
	id=197
	name="STATE_197"
	provinces={
		193 1253 1463 2087 2373 2391 2451 2635 3011 3018 3197 3430 3431 3641 3815 3987 4098 4356 4375 4415 4599 4634 4987 5590 5605 5652 5701 5756 5793 5865 6037 6146 6397 6398 6411 6507 6733 7629 7638 7693 7698 7710 7711 7730 7744 7751 7756 7776 7790 7793 7813 7824 7844 7846 7856 7859 7868 7919 7922 7942 7970 7971 7979 8005 8010 8011 8060 8082 8117 8136 8163 8202 8237 
	}
	buildings_max_level_factor=1.000
        manpower=1
        state_category = rural
}
