state={
	id=2
	name="STATE_2"
	provinces={
		15 59 68 124 137 157 170 190 202 262 293 311 355 374 399 488 561 577 586 671 686 821 831 832 869 884 916 1011 1024 1029 1049 1054 1100 1105 1153 1186 1192 1195 1231 1394 1408 1478 1490 1541 1609 1676 1684 1712 1748 1958 2004 2029 2070 2077 2109 2211 2257 2352 2355 2423 2464 2522 2812 3277 3302 3388 3389 3695 3710 3772 3794 3970 4766 4780 5451 5532 5660 5688 6090 6225 6525 6718 6752 6789 6804 6811 6836 6845 6853 7112 7196 7455 
	}
	buildings_max_level_factor=1.000
        manpower=1
        state_category = rural
}
