state={
	id=244
	name="STATE_244"
	provinces={
		140 151 153 181 188 220 271 322 344 371 377 390 431 444 481 491 493 498 513 554 571 639 665 680 696 703 774 781 835 906 908 984 999 1002 1003 1063 1097 1113 1142 1292 1304 1402 1404 1432 1475 1550 1553 1589 1598 1688 1705 1833 1838 1856 1871 1881 1914 1928 1962 1966 2163 2198 2259 2266 2345 2362 2370 2385 2427 2440 2498 2524 2557 2562 2607 2648 2683 2841 3007 3201 3290 3292 3503 3588 3607 3696 3712 3788 3837 4063 4065 4163 4419 4469 4590 4650 5126 5243 5509 5616 5748 5889 6115 6353 6502 9211 9256 9302 9501 9529 9552 9697 9706 9748 9771 9772 9780 9796 9923 9932 9982 10125 10187 10191 10296 10408 10451 10502 
	}
	buildings_max_level_factor=1.000
        manpower=1
        state_category = rural
}
