state={
	id=30
	name="STATE_30"
	provinces={
		94 101 141 192 276 282 306 364 372 386 402 449 512 536 573 630 681 700 744 758 770 791 824 929 934 973 990 1056 1099 1119 1140 1144 1271 1295 1524 1565 1724 1730 1766 1866 1932 1972 2002 2015 2039 2080 2278 2326 2578 2699 2750 2770 2792 3065 3387 3545 3655 3711 3760 3848 3900 4305 4539 5346 5838 5974 6209 6787 6795 6870 6873 6881 6968 6989 7006 7121 7205 7284 7430 
	}
	buildings_max_level_factor=1.000
        manpower=1
        state_category = rural
}
