state={
	id=322
	name="STATE_322"
	provinces={
		13 21 37 45 48 125 226 312 316 426 454 456 494 501 666 736 939 945 954 1008 1070 1117 1161 1269 1322 1334 1449 1492 1619 1623 1741 1767 1771 1798 1850 2032 2195 2453 2482 2603 2622 2745 2946 2961 3176 3358 3366 3471 3538 3688 3750 3863 3948 3996 4103 4145 4257 4428 4509 5001 5086 5195 5856 5880 6152 6186 6200 6419 6442 6633 10331 10459 10464 10465 10481 10486 10507 10510 10544 10545 10575 10576 10589 10596 10628 10630 10644 10652 10654 10672 10676 10683 10689 10690 10697 10701 10706 10794 10926 11111 11225 11323 11347 77 411 788 817 1115 1257 1584 1878 2157 2348 2441 2777 3478 3602 3659 4055 4143 4457 5130 5159 5260 5280 5722 5844 6145 6388 6700 10722 10751 10803 10811 10824 10859 11549 11556 11603 11629 11647 471 729 877 1157 2260 3894 116 198 317 358 362 570 581 1001 1127 1311 1389 2220 2795 2879 2902 4653 4957 11496 11667 79 413 429 746 766 787 1101 1501 1518 1537 1855 2101 3882 4702 4721 204 222 397 594 608 636 640 648 772 854 1124 1151 1420 1686 1711 1718 2218 2994 3761 4244 5143 6499 9846 10078 10128 10270 4474 883 69 97 147 637 853 890 1073 1214 1665 2757 5013 5577 10159 10693 24 63 185 1027 1141 1722 1949 2818 3010 3019 3198 4003 5433 10789 28 57 78 109 228 287 496 669 714 764 823 855 947 1072 1136 1291 1344 1386 1390 1611 1710 1745 1876 1951 2045 2127 2228 3211 3242 3333 3407 3522 3747 4432 6480 11532 11716 11763 11765 11770 11778 11788 112 504 773 1500 1708 1725 2290 2709 4540 687 1209 1249 1278 1716 1768 3270 5593 11806 50 81 133 294 332 343 436 476 526 697 722 960 1005 1015 1154 1261 1283 1431 1474 1634 1760 1924 1943 1954 2149 2252 2434 2523 2546 2556 2934 2953 3049 3435 3653 4172 4401 4450 5436 5565 5825 10832 11023 11539 11676 11698 11768 103 482 617 809 849 927 1125 1194 1273 1357 1599 2040 2058 2074 2612 2769 2806 3152 3165 3758 3974 6239 6426 10643 10885 11921 11917 145 150 163 324 330 337 531 538 595 623 646 711 840 1421 1579 1794 2258 2514 2643 2682 2696 3055 3075 3395 3483 3539 3739 4331 4532 4768 6457 10567 11073 11120 11123 11211 135 155 173 255 335 370 691 698 702 1028 1234 1707 2816 2904 3170 3266 3370 5144 11755 11764 11805 58 91 172 215 288 353 360 375 553 631 858 1243 1313 1349 1413 1457 1659 1690 1729 1747 1759 1979 2026 2171 2173 2398 2408 2485 2495 2496 2544 2765 2949 3664 4350 4434 5116 5792 10943 11197 11374 11443 11754 11759 11923 11913 11914 11915 11916 1935 11924 11922 11920 11919 11918 11925 11926 11927 11930 11931 11928 11929 11933 11934 11935 11937 11938 11939 
	}
	buildings_max_level_factor=1.000
        manpower=1
        state_category = rural
}
