state={
	id=353
	name="STATE_353"
	provinces={
		7 224 247 365 368 396 414 440 445 463 517 528 627 652 690 692 717 753 834 871 881 895 991 1179 1189 1198 1229 1262 1299 1324 1335 1422 1448 1519 1650 1658 1674 1820 1902 2044 2128 2155 2196 2273 2403 2515 2569 2718 2720 2888 2941 2977 2993 3149 3193 3296 3371 3445 3730 3873 4042 4045 4074 4396 4425 5321 5365 6205 10581 11006 11069 11086 11245 11290 11766 11773 11779 11781 268 278 389 678 685 807 953 1358 1374 1622 1796 2166 2184 2223 2502 2768 3398 4132 11783 11787 11795 11799 11809 161 423 483 659 723 735 963 1604 1631 2486 3029 5464 11772 11777 80 121 171 244 291 303 310 325 385 797 998 1038 1219 1266 1483 1496 1504 1687 1777 1971 3618 3638 3690 4110 4140 4266 5414 11769 11786 11793 11798 11800 8 90 158 196 242 248 263 267 286 319 339 499 516 587 684 708 709 710 780 783 822 923 935 1007 1014 1228 1245 1301 1312 1323 1327 1333 1464 1489 1561 1572 1673 1677 1818 1888 2078 2089 2136 2213 2248 2267 2269 2276 2292 2307 2469 2506 2540 2591 2741 2754 3411 3444 3482 3493 3542 3661 3715 3765 3811 3816 3924 4031 4563 4772 4890 5424 5770 5977 6005 10648 10932 10984 11110 11135 11518 11527 11592 11726 11750 11762 11780 
	}
	buildings_max_level_factor=1.000
        manpower=1
        state_category = rural
}
