state={
	id=407
	name="STATE_407"
	provinces={
		32 34 313 568 604 626 731 750 859 938 940 944 1479 1486 1509 1816 2050 2140 2432 2695 2940 6078 11115 11140 11451 4 35 122 257 266 394 465 533 551 598 616 619 704 716 813 985 1010 1026 1033 1083 1168 1293 1370 1384 1415 1441 1540 1638 1661 1696 1721 1807 2189 2238 2242 2289 2336 2492 2497 2560 2632 2712 2774 2907 2921 3004 3020 3051 3183 3185 3280 3283 3293 3310 3315 3324 3414 3425 3437 3622 3651 3667 3671 3744 3799 3839 3865 3866 3956 3986 4021 4083 4088 4100 4102 4108 4125 4144 4159 4182 4230 4256 4272 4273 4373 4386 4402 4442 4491 4553 4564 4635 4655 4666 4710 4725 4763 4784 4831 4938 4951 4989 5047 5138 5163 5172 5190 5266 5276 5347 5417 5452 5466 5468 5483 5508 5543 5692 5774 5908 5937 5950 5995 5997 6000 6011 6012 6051 6159 6284 6306 6316 6348 6382 6412 6434 6453 6485 6511 6527 6545 6556 6568 6643 6657 6695 6697 6706 6744 10861 10889 10921 10953 10960 10964 10982 10983 11001 11028 11034 11057 11081 11084 11094 11107 11144 11164 11181 11187 11189 11209 11216 11218 11240 11254 11262 11263 11264 11273 11289 11299 11327 11488 11570 11583 11587 11590 11595 11601 11602 11605 11606 11611 11614 11622 11623 11624 11628 11631 11635 11642 11643 11646 11650 11653 11654 11656 11660 11661 11662 11664 11668 11671 11673 11675 11678 11680 11682 11683 11685 11687 11691 11692 11693 11696 11697 11699 11701 11708 11710 11711 11712 11713 11715 11718 11720 11721 11724 11725 11727 11728 11730 11731 11732 11738 11739 11740 11741 11742 11743 11744 11745 11746 11747 11748 11749 11751 11752 11753 11756 11758 11760 11774 49 82 511 650 655 738 767 841 955 979 1041 1065 1191 1215 1284 1310 1356 1364 1910 2286 2378 2704 2714 2956 3012 3033 3038 4756 5312 11757 
	}
	buildings_max_level_factor=1.000
        manpower=1
        state_category = rural
}
