state={
	id=411
	name="STATE_411"
	provinces={
		22 55 61 195 214 356 357 363 401 472 500 523 546 662 742 776 1082 1166 1363 1499 1607 1632 1749 1847 1925 1960 1990 2175 2477 2505 2673 3109 3216 3472 3601 3861 4903 4917 5227 5447 5749 11391 11705 11767 11784 11789 23 71 100 194 243 259 304 326 418 455 543 545 672 688 718 907 981 1048 1078 1116 1218 1230 1267 1270 1300 1484 1615 1675 1746 1763 1779 1835 1940 2005 2073 2146 2167 2327 2389 2428 2595 2647 3180 3295 3317 3709 3886 4040 4066 4218 5273 5440 11182 11222 11355 11524 11734 11761 11771 11776 152 406 1020 1510 1926 11346 
	}
	buildings_max_level_factor=1.000
        manpower=1
        state_category = rural
}
