state={
	id=415
	name="STATE_415"
	provinces={
		13 21 37 45 48 125 226 312 316 426 454 456 494 501 666 736 939 945 954 1008 1070 1117 1161 1269 1322 1334 1449 1492 1619 1623 1741 1767 1771 1798 1850 2032 2195 2453 2482 2603 2622 2745 2946 2961 3176 3358 3366 3471 3538 3688 3750 3863 3948 3996 4103 4145 4257 4428 4509 5001 5086 5195 5856 5880 6152 6186 6200 6419 6442 6633 10331 10459 10464 10465 10481 10486 10507 10510 10544 10545 10575 10576 10589 10596 10628 10630 10644 10652 10654 10672 10676 10683 10689 10690 10697 10701 10706 10794 10926 11111 11225 11323 11347 
	}
	buildings_max_level_factor=1.000
        manpower=1
        state_category = rural
}
