state={
	id=448
	name="STATE_448"
	provinces={
		7 224 247 365 368 396 414 440 445 463 517 528 627 652 690 692 717 753 834 871 881 895 991 1179 1189 1198 1229 1262 1299 1324 1335 1422 1448 1519 1650 1658 1674 1820 1902 2044 2128 2155 2196 2273 2403 2515 2569 2718 2720 2888 2941 2977 2993 3149 3193 3296 3371 3445 3730 3873 4042 4045 4074 4396 4425 5321 5365 6205 10581 11006 11069 11086 11245 11290 11766 11773 11779 11781 
	}
	buildings_max_level_factor=1.000
        manpower=1
        state_category = rural
}
