state={
	id=5
	name="STATE_5"
	provinces={
		12 527 761 828 857 1199 1388 1412 1498 2018 2065 2143 2388 2608 2802 3043 3139 3369 3429 3752 4068 4081 4215 4353 4394 4853 5154 5196 5247 5253 5482 6367 6768 6769 6772 6774 6776 6778 6779 6780 6781 6782 6784 6785 6786 6791 11810 11816 11820 11831 6777 11821 1190 1656 2459 2624 6731 6757 11811 11813 11818 11819 11826 11827 11834 11836 11837 11840 11842 11843 11844 11846 668 967 1405 1430 1603 3252 2212 1853 2900 4440 11838 11839 11832 11829 11822 11825 2249 
	}
	manpower=1
	buildings_max_level_factor=1
	state_category=rural
	local_supplies=0
}
