state={
	id=513
	name="STATE_513"
	provinces={
		8 90 158 196 242 248 263 267 286 319 339 499 516 587 684 708 709 710 780 783 822 923 935 1007 1014 1228 1245 1301 1312 1323 1327 1333 1464 1489 1561 1572 1673 1677 1818 1888 2078 2089 2136 2213 2248 2267 2269 2276 2292 2307 2469 2506 2540 2591 2741 2754 3411 3444 3482 3493 3542 3661 3715 3765 3811 3816 3924 4031 4563 4772 4890 5424 5770 5977 6005 10648 10932 10984 11110 11135 11518 11527 11592 11726 11750 11762 11780 
	}
	buildings_max_level_factor=1.000
        manpower=1
        state_category = rural
}
