state={
	id=56
	name="STATE_56"
	provinces={
		130 295 376 1147 1347 1645 1732 2538 2623 2662 2880 2909 2913 2976 2986 3192 3259 3379 3424 3585 3684 3941 4030 4269 4300 4524 4839 4975 5022 5113 5246 5288 5323 5362 5410 5462 5614 5815 5841 5896 5943 6141 6260 6299 6314 6436 6504 6526 6669 6929 6930 6946 6949 6962 6975 6979 6982 6983 6984 6987 6988 7010 7011 7016 7027 7028 7032 7042 7050 7073 7085 7090 7107 7120 7142 7143 7145 7154 7159 7171 7186 7187 7220 7260 7268 7333 7360 
	}
	history={
		owner = MVP
		add_core_of = MVP
	}
	buildings_max_level_factor=1.000
        manpower=1
        state_category = rural
}
