state={
	id=619
	name="STATE_619"
	provinces={
		14 129 175 186 323 419 583 804 818 1018 1030 1053 1196 1258 1314 1366 1400 1574 1593 1602 1641 1657 1666 1668 1692 1727 1812 1814 1821 1967 2093 2112 2230 2313 2366 2418 2616 2640 2843 2851 3154 3234 3265 3278 3300 3432 3442 3499 3570 3596 3609 3642 3666 3764 3856 3912 3977 3991 4104 4114 4120 4177 4207 4209 4231 4267 4747 4754 4785 4811 4958 4983 4984 5071 5097 5203 5211 5351 5413 5428 5438 5763 5776 5839 5846 5853 5899 5913 5973 6014 6117 6137 6150 6177 6326 6357 6359 6399 6408 6508 6513 6583 6624 11558 11568 11593 11594 11600 11619 11620 11637 11638 11639 11645 11648 11651 11657 11658 11665 11666 11670 11674 11677 11679 11684 11688 11690 11695 11700 11702 11703 11704 11706 11709 11714 11717 11719 11722 11729 11736 11737 11775 11782 
	}
	buildings_max_level_factor=1.000
        manpower=1
        state_category = rural
}
