state={
	id=648
	name="STATE_648"
	provinces={
		6 289 369 726 747 829 899 912 1009 1177 1321 1343 1382 1446 1470 1521 1562 1663 1717 1735 1762 1764 1886 1922 2053 2190 2210 2294 2500 2527 2587 2885 3053 3056 3100 3105 3131 3190 3228 3344 3450 3785 3812 3908 3935 4005 4044 4348 4464 4795 4908 4962 4977 5023 5025 5157 5248 5283 5286 5385 5409 5476 5607 5671 5691 5875 5932 6259 6265 6418 6482 6599 6739 7209 7236 7544 7577 7591 7608 7617 7621 7624 7642 7660 7661 7692 7697 7724 7729 7755 7760 7773 7791 7794 7843 7852 7876 7947 8021 8047 8120 8127 8161 8184 8198 8294 8321 8334 8352 8363 8374 8393 8407 8436 8455 8485 8503 8588 8650 8682 8691 8697 8711 8722 8742 8786 8800 
	}
	buildings_max_level_factor=1.000
        manpower=1
        state_category = rural
}
