state={
	id=86
	name="STATE_86"
	provinces={
		9 11 30 36 66 72 73 75 85 107 184 201 207 256 260 275 296 336 340 378 404 421 435 450 452 473 477 521 524 535 542 544 550 558 584 588 625 642 643 651 653 675 683 730 789 793 801 811 865 876 882 886 896 897 904 918 957 969 974 996 1060 1095 1131 1160 1164 1175 1203 1204 1206 1225 1233 1248 1274 1342 1359 1371 1373 1401 1407 1414 1426 1433 1442 1445 1494 1512 1528 1544 1566 1621 1640 1643 1660 1681 1736 1789 1837 1844 1845 1862 1868 1883 1889 1895 1920 1934 1996 2034 2047 2060 2160 2170 2207 2262 2281 2302 2315 2321 2438 2520 2552 2572 2573 2588 2668 2689 2693 2702 2814 2835 2846 2950 2958 3077 3096 3104 3108 3117 3119 3179 3246 3257 3352 3465 3578 3613 3614 3632 3674 3881 3953 3967 4015 4225 4327 4339 4453 4566 4645 4656 4757 4877 4894 4947 5100 5218 5284 5309 5328 5391 5531 5694 5747 5847 5938 6191 6286 6486 6487 6533 6665 6996 7417 7453 7553 7750 8089 8275 8394 8487 8582 8651 8766 8841 8872 8879 9073 9100 9162 9233 9339 9376 9390 9498 9662 9844 
	}
	buildings_max_level_factor=1.000
        manpower=1
        state_category = rural
}
